1 6.06285409 -94.29336338
2 -9.61304714 -93.99779733
3 17.00398749 -92.94547319
4 -20.49559373 -92.23842591
5 27.71663727 -90.32968533
6 38.05623991 -86.48536976
7 -1.62898876 -86.39648035
8 -29.82308321 -86.36278569
9 -40.78865317 -85.23075941
10 9.05583399 -83.68359056
11 19.99696739 -82.33570037
12 -20.08850732 -81.18946563
13 51.56752334 -79.17567249
14 -52.14666516 -78.78884759
15 30.36439706 -78.58848672
16 -9.38275369 -78.56038837
17 41.04921980 -75.87559693
18 1.28038349 -75.76347695
19 -42.03304614 -74.27737207
20 -28.15278488 -73.63026745
21 11.96520623 -73.05058716
22 60.43819360 -72.63071892
23 -60.97724846 -72.17154815
24 22.72290610 -70.64287007
25 -17.14535379 -70.56576311
26 33.40772884 -67.92998028
27 -6.45150043 -67.88820133
28 -49.72488899 -66.38048904
29 -35.52201938 -65.38176986
30 44.10958019 -65.28506331
31 4.22429169 -65.13998353
32 -70.02851218 -63.43503810
33 65.77521510 -62.98492141
34 -24.83719664 -62.66888007
35 54.76408971 -62.45546350
36 14.90911444 -62.42709374
37 -59.29712553 -60.91262880
38 25.66681430 -60.01937664
39 -14.15237390 -59.95599028
40 -43.21386223 -57.48488683
41 36.35163705 -57.30648685
42 -3.46755116 -57.24310049
43 75.18075431 -57.23504835
44 -76.94021999 -54.84705212
45 -32.52903949 -54.77199704
46 47.03645979 -54.59359706
47 7.21727159 -54.53021070
48 59.51561830 -52.25860227
49 -21.84421675 -52.05910725
50 17.90209433 -51.81732091
51 -64.33230204 -51.10588594
52 -51.53725799 -50.18991657
53 28.65979420 -49.40960381
54 -11.15939400 -49.34621746
55 81.44650686 -47.88751883
56 69.68408614 -47.67932508
57 -40.22088234 -46.87511400
58 39.34461694 -46.69671402
59 -0.47457126 -46.63332767
60 -82.80464062 -45.51250453
61 -29.53605959 -44.16222421
62 50.02943968 -43.98382423
63 10.21025148 -43.92043788
64 -72.02414489 -43.20900290
65 -58.59754793 -41.69112076
66 -18.85123685 -41.44933442
67 60.71426243 -41.27093444
68 20.89507423 -41.20754808
69 -47.91272519 -38.97823097
70 31.65277409 -38.79983099
71 -8.16641411 -38.73644463
72 75.69686888 -38.43964696
73 86.68809223 -37.59216996
74 -37.22790244 -36.26534118
75 42.33759684 -36.08694120
76 2.51840863 -36.02355484
77 -80.60316072 -34.71071328
78 -66.28939078 -33.79423772
79 -26.54307970 -33.55245139
80 53.02241958 -33.37405141
81 13.20323138 -33.31066505
82 -55.60456803 -31.08134793
83 64.49591867 -30.91601850
84 -15.85825696 -30.83956160
85 23.88805412 -30.59777526
86 -89.96377430 -28.88798870
87 -44.91974529 -28.36845814
88 34.64575399 -28.19005816
89 -5.17343421 -28.12667181
90 74.95760032 -27.44061563
91 90.47648536 -27.23971685
92 -73.98123362 -25.89735469
93 -34.23492255 -25.65556835
94 45.33057673 -25.47716837
95 5.51138853 -25.41378201
96 -63.29641088 -23.18446490
97 -23.55009980 -22.94267856
98 56.01539947 -22.76427858
99 16.19621127 -22.70089222
100 -52.61158814 -20.47157511
101 -12.86527706 -20.22978877
102 66.71697232 -20.11823499
103 26.88103402 -19.98800243
104 82.35918607 -19.27105405
105 -92.71609319 -18.21325457
106 -81.69392543 -18.02083305
107 -41.92676540 -17.75868532
108 37.63873388 -17.58028534
109 -2.18045432 -17.51689898
110 93.03333975 -16.51648488
111 -70.98825373 -15.28758186
112 -31.24194265 -15.04579553
113 48.32355663 -14.86739555
114 8.50436842 -14.80400919
115 -60.30343099 -12.57469207
116 -20.55711991 -12.33290574
117 59.07474399 -12.17302934
118 19.18919117 -12.09111940
119 72.96487583 -11.03589444
120 -49.61860824 -9.86180228
121 -9.87229717 -9.62001594
122 29.87401391 -9.37822961
123 83.64969857 -8.32300465
124 -78.70094554 -7.41106022
125 -94.20638846 -7.29060709
126 -38.93378550 -7.14891249
127 40.63171378 -6.97051251
128 0.81252558 -6.90712615
129 94.32385225 -5.56843549
130 -67.99527383 -4.67780904
131 -28.24896276 -4.43602270
132 51.31653652 -4.25762272
133 11.49734832 -4.19423636
134 -57.31045109 -1.96491925
135 -17.56414001 -1.72313291
136 62.00135926 -1.54473293
137 22.18217106 -1.48134657
138 72.91815303 -0.01214621
139 -86.39278838 0.48582281
140 -46.62562835 0.74797054
141 -6.87931727 0.98975688
142 32.86699381 1.23154322
143 83.60297577 2.70074358
144 -75.70796564 3.19871260
145 -35.94080561 3.46086033
146 43.62469367 3.63926031
147 3.80550547 3.70264667
148 94.33045681 5.45540978
149 -65.00229394 5.93196379
150 -25.25598286 6.17375013
151 54.30951642 6.35215010
152 14.49032821 6.41553646
153 -94.11843682 8.34963641
154 -54.31747120 8.64485358
155 -14.57116012 8.88663992
156 64.99433916 9.06503990
157 25.17515096 9.12842625
158 75.91113292 10.59762661
159 -83.39980849 11.09559564
160 -43.63264845 11.35774337
161 -3.88633738 11.59952971
162 35.85997370 11.84131604
163 86.59595566 13.31051640
164 -72.71498575 13.80848543
165 -32.94782571 14.07063316
166 46.61767357 14.24903314
167 6.79848537 14.31241950
168 -62.00931404 16.54173661
169 -22.26300297 16.78352295
170 57.30249631 16.96192293
171 17.48330811 17.02530929
172 -51.32449130 19.25462640
173 -92.50539445 19.25483253
174 -11.57818022 19.49641274
175 67.98731905 19.67481272
176 28.16813085 19.73819908
177 78.90411282 21.20739944
178 -40.63966856 21.96751620
179 -81.83067176 22.00719580
180 -0.89335748 22.20930253
181 38.85295360 22.45108887
182 91.61436350 23.12585088
183 -69.72200585 24.41825826
184 -29.95484582 24.68040599
185 49.61065346 24.85880597
186 9.79146526 24.92219232
187 -59.01633415 27.15150944
188 -19.27002307 27.39329578
189 20.47628800 27.63508211
190 61.16871158 28.51489656
191 -48.33151141 29.86439923
192 72.11845691 29.89532680
193 -8.58520033 30.10618557
194 -89.51706625 30.22650527
195 31.16111075 30.34797191
196 83.92252065 31.02273392
197 -77.55993325 32.17016784
198 -37.64668866 32.57728902
199 2.09962241 32.81907536
200 41.84593349 33.06086170
201 -66.72902596 35.02803108
202 -26.96186592 35.29017881
203 52.60363336 35.46857879
204 12.78444516 35.53196515
205 -56.05074840 37.76903249
206 -16.27704318 38.00306860
207 23.46926790 38.24485494
208 62.68277664 39.93356241
209 -85.38233424 40.45743115
210 -45.33853151 40.47417206
211 -5.59222043 40.71595839
212 73.67179338 40.80918744
213 34.15409064 40.95774473
214 84.62850620 42.02395169
215 -74.56695336 42.77994066
216 -34.65370877 43.18706185
217 5.09260231 43.42884818
218 46.85521188 44.87500524
219 -63.93463903 45.69183011
220 -23.96888603 45.89995164
221 15.77742505 46.14173798
222 -53.03037436 48.37105509
223 26.46224779 48.85462777
224 56.93435516 49.33998886
225 68.17370404 50.37113696
226 -42.34555162 51.08394488
227 37.91246878 51.32113230
228 -3.66933937 51.57080692
229 79.15798614 51.59466840
230 -14.68961379 51.85144850
231 -78.06488259 53.23411204
232 -31.60955625 53.84635753
233 7.01548338 54.28369671
234 48.27648654 56.16395539
235 -60.74619711 56.24450969
236 17.70030612 56.99658650
237 -50.06241300 59.07566638
238 61.64706916 59.30570684
239 28.38512886 59.70947629
240 -22.33028402 59.79785438
241 72.60999135 60.46309398
242 -39.35206240 61.69357402
243 -71.33338045 61.96406548
244 -0.67635947 62.18057974
245 39.10502403 62.28028464
246 -11.68902841 62.67689713
247 10.00846327 64.89346953
248 52.98920054 66.12967337
249 -61.64929953 67.23130240
250 20.69328601 67.60635932
251 -30.07279016 67.64507087
252 -46.61562256 69.98609485
253 63.22786321 70.21562427
254 31.74956519 70.51725109
255 43.81773803 72.24600262
256 -20.11935543 72.38367248
257 2.14000279 72.90383683
258 -9.14270177 73.40263387
259 13.00144317 75.50324236
260 -37.33635033 75.93759171
261 -55.56449494 76.42371020
262 54.24074520 77.36206614
263 23.68626591 78.21613215
264 -27.38291560 80.67619331
265 -46.28522270 82.37520705
266 33.70985588 82.80447088
267 -16.58479818 82.89562303
268 44.72539342 83.23242013
269 5.41696091 83.50329467
270 -5.60167301 83.84228537
271 16.10178365 86.21618446
272 -36.31686904 87.22858260
273 26.12537362 90.80452319
274 -24.38993570 91.28596614
275 -13.59181828 93.50539585
276 8.40994080 94.11306749
277 -2.60869311 94.45205820
